35.70482635498047, 244.10691833496094
42.19721984863281, 150.8045196533203
47.806297302246094, 169.042724609375
50.67129898071289, 233.11239624023438
50.72806167602539, 172.41415405273438
52.213863372802734, 274.3016357421875
53.63880157470703, 163.7863311767578
54.9579963684082, 184.30198669433594
54.9579963684082, 184.30198669433594
57.20564270019531, 231.3694610595703
58.25630187988281, 268.9590759277344
58.25630187988281, 268.9590759277344
59.02101516723633, 361.105712890625
59.31825637817383, 155.61190795898438
61.82473373413086, 244.0485382080078
62.53578186035156, 241.44717407226562
62.53578186035156, 241.44717407226562
63.71012496948242, 280.4306640625
65.81707763671875, 78.17108154296875
72.61470794677734, 253.12332153320312
78.05308532714844, 65.81830596923828
78.29850006103516, 433.4648132324219
83.90937805175781, 221.95729064941406
85.07271575927734, 225.65582275390625
95.82049560546875, 352.4160461425781
95.82049560546875, 352.4160461425781
96.73768615722656, 382.67138671875
96.73768615722656, 382.67138671875
97.93289947509766, 345.8763732910156
98.5312728881836, 258.68414306640625
101.16358947753906, 349.07867431640625
102.81373596191406, 196.4600372314453
103.49650573730469, 200.72265625
104.71619415283203, 380.39453125
106.78160858154297, 267.8930969238281
108.6093521118164, 244.3439178466797
108.64240264892578, 377.35211181640625
108.64240264892578, 377.35211181640625
110.20523834228516, 270.4781494140625
113.32112884521484, 250.0783233642578
114.09998321533203, 188.75698852539062
115.37769317626953, 381.2432861328125
115.37769317626953, 381.2432861328125
115.43109893798828, 252.0108642578125
119.80716705322266, 262.68304443359375
119.80716705322266, 262.68304443359375
121.15347290039062, 223.17758178710938
122.08344268798828, 226.33676147460938
122.08344268798828, 226.33676147460938
123.8076171875, 355.4192810058594
123.8076171875, 355.4192810058594
124.90660858154297, 226.1569366455078
125.01094055175781, 358.3466796875
125.54984283447266, 277.8590087890625
125.99227142333984, 217.4109649658203
126.88658142089844, 176.70846557617188
127.53912353515625, 407.25408935546875
127.53912353515625, 407.25408935546875
128.09722900390625, 357.6890869140625
128.09722900390625, 357.6890869140625
132.86647033691406, 170.9358673095703
132.8726806640625, 211.5222625732422
132.9747772216797, 171.92332458496094
135.43234252929688, 262.5132141113281
138.78736877441406, 376.1127014160156
138.78736877441406, 376.1127014160156
140.1175079345703, 414.1655578613281
142.0862579345703, 163.6443634033203
143.4521484375, 449.381103515625
144.0552215576172, 146.53341674804688
144.0552215576172, 146.53341674804688
156.1703643798828, 153.5132598876953
157.77073669433594, 131.8519744873047
158.39332580566406, 405.11627197265625
158.45130920410156, 395.52593994140625
158.9791259765625, 337.3283996582031
159.3964385986328, 151.9252166748047
160.00686645507812, 143.51226806640625
160.11253356933594, 144.83248901367188
162.34884643554688, 321.8510437011719
162.36477661132812, 404.21246337890625
162.36477661132812, 404.21246337890625
162.5755157470703, 405.1689147949219
162.6730499267578, 122.0345230102539
162.73765563964844, 405.7767333984375
162.73765563964844, 405.7767333984375
163.4444122314453, 409.34893798828125
163.6688995361328, 399.0016784667969
163.9202423095703, 318.92645263671875
164.96087646484375, 309.1813049316406
165.06259155273438, 148.65579223632812
166.5530242919922, 122.57310485839844
167.39820861816406, 212.5016632080078
168.14404296875, 405.9748840332031
169.7926788330078, 312.2304382324219
173.13600158691406, 324.4476623535156
175.02081298828125, 326.4105529785156
178.52134704589844, 147.13722229003906
178.52134704589844, 147.13722229003906
178.97596740722656, 325.4417724609375
181.5253143310547, 121.11146545410156
181.5253143310547, 121.11146545410156
183.0541229248047, 124.55023956298828
183.0541229248047, 124.55023956298828
183.32098388671875, 131.61119079589844
184.8260955810547, 129.14805603027344
184.8260955810547, 129.14805603027344
187.01248168945312, 132.1732177734375
187.01248168945312, 132.1732177734375
187.0360107421875, 327.0249938964844
187.0360107421875, 327.0249938964844
188.8173370361328, 127.077880859375
189.10533142089844, 134.95262145996094
189.10533142089844, 134.95262145996094
190.408935546875, 340.0123291015625
190.408935546875, 340.0123291015625
190.8406524658203, 371.2449035644531
196.01190185546875, 382.5121154785156
196.73489379882812, 321.0342102050781
199.18812561035156, 380.143798828125
205.6605987548828, 381.2214050292969
207.7776641845703, 375.507568359375
207.9457550048828, 313.2503356933594
208.57196044921875, 268.4531555175781
209.37228393554688, 401.5693664550781
209.392333984375, 381.5517883300781
209.74856567382812, 393.4538879394531
210.9126434326172, 266.06060791015625
211.83892822265625, 314.0579833984375
213.40347290039062, 420.4544677734375
215.34310913085938, 451.9001770019531
217.37567138671875, 409.36676025390625
217.9272918701172, 422.0107116699219
221.2201690673828, 235.5391082763672
226.88180541992188, 311.07879638671875
229.29188537597656, 435.99688720703125
233.15740966796875, 378.3779602050781
237.96803283691406, 422.467041015625
241.71241760253906, 66.79829406738281
243.92153930664062, 381.8757019042969
244.5926513671875, 376.8946228027344
249.5726318359375, 379.59698486328125
249.95570373535156, 471.62640380859375
250.35018920898438, 292.2890319824219
255.24119567871094, 255.84075927734375
255.9573211669922, 388.869384765625
255.9573211669922, 388.869384765625
263.41534423828125, 108.12596893310547
263.9719543457031, 413.4776611328125
265.387939453125, 310.90911865234375
266.993408203125, 382.8075256347656
268.36627197265625, 473.938232421875
270.5284118652344, 317.48822021484375
272.8180847167969, 414.936279296875
273.77435302734375, 408.25091552734375
274.7307434082031, 265.8160705566406
274.7307434082031, 265.8160705566406
276.4150390625, 307.4328918457031
276.4150390625, 307.4328918457031
277.1759033203125, 427.3627624511719
277.17633056640625, 320.1932678222656
278.0101623535156, 194.55772399902344
278.1513671875, 411.4504089355469
278.50787353515625, 315.92877197265625
278.50787353515625, 315.92877197265625
278.8897399902344, 300.2041015625
279.7638244628906, 310.8083190917969
279.7903747558594, 410.12469482421875
279.98785400390625, 100.12248229980469
281.7936706542969, 321.5538330078125
281.7936706542969, 321.5538330078125
283.20806884765625, 406.2765808105469
283.90191650390625, 292.8258056640625
283.92718505859375, 385.9234924316406
285.40142822265625, 312.4284973144531
285.6253356933594, 254.3468017578125
285.89739990234375, 249.2340545654297
285.89739990234375, 249.2340545654297
286.2152404785156, 299.18389892578125
286.5834655761719, 391.13623046875
286.80230712890625, 418.54742431640625
287.11553955078125, 323.7250061035156
287.5735168457031, 334.9935607910156
287.6046142578125, 251.5892333984375
288.61480712890625, 100.16710662841797
288.61480712890625, 100.16710662841797
289.9423828125, 423.624755859375
290.2301025390625, 385.92108154296875
292.65338134765625, 130.8632354736328
293.4642333984375, 95.57508850097656
293.4642333984375, 95.57508850097656
294.5574035644531, 150.9803009033203
295.2641906738281, 329.60528564453125
295.6073913574219, 335.5144958496094
295.6073913574219, 335.5144958496094
297.29656982421875, 136.11244201660156
300.0650329589844, 407.2911682128906
300.9271240234375, 328.7852478027344
303.09844970703125, 337.8880310058594
303.6065368652344, 137.33021545410156
304.6864013671875, 137.61766052246094
304.6864013671875, 137.61766052246094
305.98858642578125, 138.05947875976562
306.1007080078125, 208.1614227294922
308.2901306152344, 342.7034606933594
308.2901306152344, 342.7034606933594
311.3086242675781, 140.13763427734375
311.9454650878906, 149.98928833007812
315.8092956542969, 227.04473876953125
319.3281555175781, 151.6789093017578
319.3615417480469, 246.94895935058594
320.1874084472656, 152.33448791503906
323.632080078125, 216.0488739013672
325.9168701171875, 339.109375
327.0054931640625, 221.73626708984375
327.8414306640625, 261.40423583984375
328.5033264160156, 265.4281921386719
328.5033264160156, 265.4281921386719
331.6646728515625, 265.16033935546875
332.218017578125, 201.55979919433594
334.08917236328125, 261.842529296875
335.8000793457031, 249.15074157714844
337.0135498046875, 227.9989013671875
338.60272216796875, 245.76417541503906
340.074462890625, 219.66070556640625
342.8777770996094, 133.03424072265625
343.1628112792969, 224.16444396972656
343.3992614746094, 240.31150817871094
348.43829345703125, 191.41302490234375
349.666748046875, 234.4446258544922
351.8538513183594, 231.89781188964844
352.2864990234375, 227.31167602539062
355.585205078125, 142.6684112548828
355.8106689453125, 179.15350341796875
357.5331726074219, 230.02481079101562
361.4509582519531, 212.1760711669922
362.3202209472656, 157.83486938476562
366.8173828125, 166.09078979492188
369.64202880859375, 150.89517211914062
373.0075988769531, 174.00148010253906
374.8228454589844, 168.14793395996094
374.8228454589844, 168.14793395996094
374.8300476074219, 172.65887451171875
374.9618835449219, 234.23318481445312
376.8125915527344, 162.65145874023438
378.3560485839844, 452.0215759277344
380.08306884765625, 237.5625762939453
380.19793701171875, 171.02088928222656
380.468017578125, 335.3750915527344
382.2479248046875, 172.32455444335938
382.6011047363281, 240.52491760253906
385.3932800292969, 214.98504638671875
386.2088317871094, 217.9088897705078
386.2088317871094, 217.9088897705078
386.56341552734375, 86.73011779785156
391.0548095703125, 329.44580078125
391.5057678222656, 210.92510986328125
391.81396484375, 444.21527099609375
392.3795471191406, 206.00210571289062
393.34722900390625, 213.8201904296875
393.34722900390625, 213.8201904296875
396.43408203125, 435.3428955078125
399.0456237792969, 223.7122039794922
399.1629943847656, 201.66969299316406
401.38134765625, 310.9932556152344
402.1501159667969, 429.28399658203125
403.19854736328125, 207.92428588867188
405.31475830078125, 204.59242248535156
406.8246765136719, 189.0547332763672
408.9662780761719, 200.15142822265625
409.6495056152344, 189.31956481933594
409.6811828613281, 226.959716796875
409.6811828613281, 226.959716796875
410.0323486328125, 227.06973266601562
410.0323486328125, 227.06973266601562
412.3321533203125, 199.5679168701172
412.48492431640625, 186.19842529296875
413.6380310058594, 194.4931640625
414.37506103515625, 184.06105041503906
414.521240234375, 307.85479736328125
416.1225891113281, 181.9546661376953
416.48333740234375, 213.50491333007812
417.42181396484375, 410.58941650390625
418.1286926269531, 229.57371520996094
418.580078125, 281.4269104003906
420.1356506347656, 299.07818603515625
420.4036865234375, 177.16940307617188
421.48516845703125, 185.05580139160156
421.60845947265625, 119.3980484008789
422.383056640625, 403.3661193847656
422.6642761230469, 187.38621520996094
425.86981201171875, 396.6242980957031
425.96661376953125, 170.7384490966797
426.84442138671875, 134.3203582763672
427.0697021484375, 182.1287384033203
427.1128845214844, 125.57266235351562
428.0247802734375, 131.971923828125
429.38446044921875, 120.91678619384766
429.52197265625, 106.8587875366211
429.6851501464844, 118.04801177978516
429.8585205078125, 176.01901245117188
429.99737548828125, 134.2762451171875
431.85528564453125, 113.951171875
432.07330322265625, 149.76976013183594
432.07330322265625, 149.76976013183594
432.85443115234375, 128.28662109375
433.37860107421875, 105.91452026367188
433.4140625, 433.5243225097656
433.5476989746094, 157.9126434326172
435.4430236816406, 170.24172973632812
435.6054382324219, 121.45852661132812
436.4798278808594, 157.9455108642578
436.87890625, 146.39578247070312
437.20147705078125, 99.34707641601562
438.015380859375, 380.83636474609375
438.14617919921875, 372.41302490234375
439.8303527832031, 149.53358459472656
439.8384704589844, 146.16778564453125
439.8384704589844, 146.16778564453125
439.9430236816406, 165.44589233398438
442.0068664550781, 162.9199676513672
442.7098083496094, 147.14158630371094
442.7098083496094, 147.14158630371094
442.78277587890625, 433.1843566894531
444.6546936035156, 115.00511169433594
445.4891052246094, 89.3342056274414
445.7785339355469, 89.37895965576172
447.7008056640625, 165.95936584472656
447.7008056640625, 165.95936584472656
447.7379150390625, 165.43482971191406
448.9052429199219, 94.01425170898438
449.6736145019531, 109.95143127441406
449.7030029296875, 149.3883819580078
449.7030029296875, 149.3883819580078
450.0045471191406, 391.7161560058594
451.5701599121094, 160.5421600341797
451.5701599121094, 160.5421600341797
452.80657958984375, 143.45010375976562
452.80657958984375, 143.45010375976562
453.4343566894531, 264.9773254394531
454.0238037109375, 149.86512756347656
455.1158142089844, 152.97686767578125
455.1158142089844, 152.97686767578125
455.5028076171875, 103.04080200195312
456.4242858886719, 165.6885528564453
457.2507629394531, 168.94435119628906
461.05987548828125, 201.08349609375
461.05987548828125, 201.08349609375
461.446044921875, 245.5932159423828
461.5291442871094, 351.3705139160156
462.98968505859375, 162.2871856689453
462.98968505859375, 162.2871856689453
465.9418029785156, 343.9881591796875
467.0579528808594, 252.6438751220703
485.0359191894531, 155.11985778808594
487.2348937988281, 166.50161743164062
488.11077880859375, 160.78933715820312
488.7309875488281, 158.473388671875
