0.625541

-0.992370 0.003815 0.000884 0.624643
-0.986057 0.006972 0.001846 0.623691
-0.972835 0.013583 0.003114 0.622459
-0.972271 0.013864 0.004348 0.621259
-0.961836 0.019082 0.005543 0.620110
-0.964033 0.017983 0.006704 0.618992
-0.911045 0.044478 0.007855 0.617944
-0.913413 0.072549 0.008715 0.617109
-0.929431 0.062378 0.009647 0.616191
-0.899298 0.071281 0.010643 0.615246
-0.749158 0.125421 0.011746 0.614420
-0.887439 0.110736 0.012183 0.613985
-0.890300 0.101208 0.012849 0.613331
-0.878849 0.116788 0.013577 0.612610
-0.760822 0.119589 0.014588 0.611841
-0.767267 0.116367 0.015540 0.611110
-0.793886 0.103057 0.016443 0.610393
-0.818405 0.090798 0.017298 0.609693
-0.829728 0.085136 0.018051 0.609069
-0.855332 0.072334 0.018760 0.608462
-0.876044 0.061978 0.019431 0.607875
-0.910514 0.044743 0.020048 0.607314
-0.941109 0.029446 0.020611 0.606784
-0.976693 0.011654 0.021126 0.606281
-0.989928 0.005036 0.021588 0.605825
-0.887478 0.096034 0.021981 0.605446
-0.876508 0.121133 0.023098 0.604335
-0.862428 0.131539 0.024148 0.603302
-0.861471 0.136775 0.025143 0.602310
-0.847453 0.141776 0.026110 0.601368
-0.859144 0.134064 0.027043 0.600451
-0.815590 0.168185 0.027883 0.599644
-0.828634 0.162403 0.028660 0.598884
-0.793518 0.161660 0.029909 0.597762
-0.827105 0.165859 0.030603 0.597079
-0.768486 0.209282 0.031152 0.596560
-0.757243 0.213352 0.032338 0.595460
-0.745853 0.227073 0.033387 0.594482
-0.753161 0.224818 0.034494 0.593435
-0.794307 0.190404 0.035359 0.592594
-0.769455 0.210511 0.036515 0.591496
-0.759177 0.212215 0.037725 0.590371
-0.788214 0.205355 0.038449 0.589659
-0.779819 0.218278 0.039100 0.589011
-0.784647 0.212252 0.039687 0.588429
-0.729361 0.237925 0.040873 0.587341
-0.656451 0.238654 0.042194 0.586341
-0.774432 0.222953 0.042864 0.585676
-0.783961 0.211623 0.043292 0.585254
-0.780923 0.192872 0.044064 0.584522
-0.790533 0.202377 0.045225 0.583382
-0.793294 0.198028 0.045891 0.582731
-0.813930 0.178105 0.047047 0.581589
-0.789986 0.195413 0.048125 0.580550
-0.821992 0.159148 0.049286 0.579441
-0.835338 0.149747 0.050025 0.578719
-0.771462 0.198508 0.050758 0.578031
-0.839517 0.157164 0.051399 0.577395
-0.823886 0.171973 0.051977 0.576823
-0.756840 0.215865 0.052657 0.576181
-0.831774 0.159414 0.053337 0.575506
-0.844050 0.151251 0.053818 0.575031
-0.787230 0.197010 0.054440 0.574416
-0.813271 0.176698 0.054999 0.573871
-0.822643 0.170599 0.055713 0.573169
-0.756443 0.187255 0.056058 0.572852
-0.835213 0.155310 0.056850 0.572069
-0.823051 0.161645 0.057530 0.571415
-0.837509 0.157581 0.058064 0.570887
-0.796422 0.195539 0.058380 0.570578
-0.762247 0.229046 0.058822 0.570147
-0.756391 0.214700 0.059531 0.569461
-0.757957 0.237300 0.059852 0.569145
-0.771356 0.223018 0.060459 0.568548
-0.560272 0.251114 0.062052 0.567589
-0.743098 0.245901 0.062601 0.567047
-0.765266 0.217367 0.063131 0.566522
-0.605199 0.243115 0.064671 0.565498
-0.616967 0.235248 0.066186 0.564473
-0.605262 0.229318 0.067605 0.563558
-0.787035 0.198319 0.067988 0.563179
-0.676944 0.213252 0.069368 0.562138
-0.736540 0.196436 0.070801 0.560926
-0.751854 0.244511 0.071296 0.560435
-0.662536 0.245884 0.072671 0.559359
-0.754755 0.228065 0.073220 0.558834
-0.475656 0.299625 0.074410 0.558218
-0.708824 0.286717 0.074828 0.557806
-0.718695 0.264415 0.075178 0.557464
-0.524494 0.278737 0.076256 0.556849
-0.729626 0.238217 0.076878 0.556278
-0.803237 0.192341 0.077451 0.555711
-0.799491 0.173227 0.078189 0.554990
-0.832664 0.164414 0.078826 0.554358
-0.807183 0.185517 0.079618 0.553567
-0.797565 0.195955 0.080346 0.552840
-0.778709 0.179675 0.081454 0.551820
-0.821109 0.175383 0.082474 0.550806
-0.824853 0.166842 0.083455 0.549833
-0.854575 0.133610 0.084092 0.549202
-0.770509 0.196047 0.084568 0.548725
-0.799705 0.198474 0.085495 0.547800
-0.814982 0.184816 0.086253 0.547042
-0.696285 0.202441 0.087375 0.546172
-0.809244 0.180200 0.088269 0.545300
-0.774379 0.203287 0.088648 0.544923
-0.757725 0.231028 0.089323 0.544249
-0.782404 0.209447 0.089911 0.543663
-0.767488 0.209852 0.090703 0.542905
-0.785304 0.213018 0.091436 0.542176
-0.767985 0.217702 0.092107 0.541510
-0.782414 0.210355 0.092840 0.540782
-0.786471 0.211765 0.093598 0.540027
-0.769531 0.227356 0.094210 0.539420
-0.786432 0.212623 0.094725 0.538905
-0.799127 0.192140 0.095619 0.538023
-0.777326 0.205987 0.096566 0.537115
-0.804638 0.193571 0.097416 0.536270
-0.808723 0.184424 0.098257 0.535433
-0.808312 0.184612 0.099354 0.534354
-0.812605 0.182043 0.100418 0.533306
-0.806602 0.182126 0.101205 0.532520
-0.826164 0.162439 0.101978 0.531752
-0.810577 0.183283 0.102663 0.531067
-0.814790 0.183081 0.103061 0.530672
-0.805688 0.190562 0.103401 0.530335
-0.803727 0.186789 0.104528 0.529235
-0.808499 0.184970 0.105582 0.528187
-0.816933 0.176805 0.106607 0.527170
-0.779537 0.202824 0.107544 0.526246
-0.797260 0.197260 0.108390 0.525402
-0.797587 0.201207 0.108880 0.524915
-0.792426 0.206728 0.109662 0.524135
-0.767179 0.221538 0.110386 0.523414
-0.795966 0.192493 0.110780 0.523023
-0.741904 0.221831 0.111134 0.522674
-0.768881 0.218501 0.111766 0.522044
-0.745066 0.248866 0.112645 0.521171
-0.707877 0.280677 0.113466 0.520357
-0.683121 0.294803 0.113952 0.519874
-0.701471 0.289890 0.114384 0.519444
-0.719105 0.257969 0.115234 0.518637
-0.735121 0.257439 0.115968 0.517909
-0.659314 0.300151 0.116308 0.517571
-0.709507 0.280382 0.116954 0.516935
-0.655764 0.322407 0.117512 0.516384
-0.436033 0.331983 0.119388 0.515468
-0.687091 0.300750 0.119883 0.514982
-0.729763 0.266959 0.120597 0.514274
-0.645159 0.335113 0.121015 0.513870
-0.669910 0.318891 0.121336 0.513552
-0.535406 0.346582 0.122380 0.512827
-0.728869 0.263225 0.123050 0.512162
-0.723291 0.274192 0.123653 0.511564
-0.683158 0.310739 0.124153 0.511073
-0.715814 0.277962 0.124794 0.510444
-0.576399 0.323114 0.125829 0.509676
-0.699222 0.285310 0.126261 0.509254
-0.710160 0.281283 0.126873 0.508647
-0.712721 0.283883 0.127446 0.508079
-0.700271 0.284922 0.128059 0.507483
-0.706207 0.282235 0.128525 0.507021
-0.694787 0.290842 0.129122 0.506448
-0.678629 0.305340 0.129662 0.505924
-0.698560 0.290580 0.130157 0.505433
-0.758745 0.223485 0.130827 0.504793
-0.749114 0.245204 0.131444 0.504185
-0.738838 0.254804 0.132027 0.503612
-0.722576 0.271739 0.132416 0.503229
-0.749696 0.234348 0.132746 0.502912
-0.718709 0.268465 0.133217 0.502448
-0.695975 0.294118 0.133868 0.501805
-0.667524 0.327440 0.134471 0.501212
-0.732801 0.263229 0.134762 0.500925
-0.666284 0.324753 0.135204 0.500494
-0.647440 0.341329 0.135539 0.500169
-0.652154 0.344863 0.135913 0.499800
-0.659290 0.325117 0.136195 0.499531
-0.646348 0.350401 0.136807 0.498924
-0.474319 0.340845 0.138410 0.498024
-0.506597 0.353030 0.139916 0.497048
-0.471902 0.360108 0.141509 0.496118
-0.620133 0.376553 0.141942 0.495690
-0.444867 0.380130 0.143448 0.494848
-0.428885 0.386724 0.144444 0.494314
-0.537567 0.368385 0.145235 0.493718
-0.455157 0.376317 0.146717 0.492868
-0.630757 0.362308 0.147096 0.492497
-0.638216 0.347559 0.147426 0.492180
-0.587590 0.377201 0.148165 0.491520
-0.328785 0.386780 0.150205 0.490777
-0.655929 0.336321 0.150890 0.490106
-0.544327 0.368004 0.151725 0.489474
-0.457011 0.363064 0.153090 0.488712
-0.509347 0.382545 0.154023 0.488048
-0.597344 0.373371 0.154616 0.487508
-0.633425 0.357706 0.155155 0.486975
-0.581610 0.351794 0.156117 0.486191
-0.680227 0.311295 0.156597 0.485722
-0.645743 0.341558 0.157569 0.484787
-0.543291 0.329037 0.158706 0.484013
-0.662553 0.326066 0.159658 0.483092
-0.648723 0.341106 0.160561 0.482216
-0.675616 0.306835 0.161528 0.481298
-0.666163 0.320490 0.162470 0.480393
-0.711301 0.273440 0.163461 0.479443
-0.687007 0.307949 0.164277 0.478638
-0.707469 0.276616 0.165191 0.477755
-0.626593 0.349650 0.165924 0.477074
-0.617624 0.371030 0.166711 0.476315
-0.604020 0.378662 0.167450 0.475617
-0.595207 0.351969 0.168246 0.474941
-0.585132 0.368030 0.169242 0.474084
-0.316541 0.400198 0.171365 0.473317
-0.503540 0.404074 0.172137 0.472752
-0.289406 0.417631 0.173735 0.472229
-0.477464 0.400537 0.174503 0.471721
-0.287972 0.423102 0.176159 0.471165
-0.460849 0.424505 0.176874 0.470688
-0.506973 0.375782 0.177612 0.470183
-0.499608 0.392301 0.178272 0.469721
-0.507890 0.405693 0.178821 0.469311
-0.321704 0.406967 0.180395 0.468728
-0.582827 0.332769 0.180954 0.468295
-0.548284 0.375163 0.181445 0.467912
-0.395996 0.384230 0.182975 0.467187
-0.397641 0.397580 0.184495 0.466430
-0.375566 0.386487 0.186050 0.465749
-0.348464 0.430903 0.187614 0.465060
-0.306824 0.434118 0.189280 0.464435
-0.335409 0.429744 0.190961 0.463731
-0.329142 0.417182 0.192676 0.463058
-0.325853 0.434397 0.194279 0.462404
-0.306903 0.447661 0.196023 0.461733
-0.311299 0.453262 0.197558 0.461123
-0.241151 0.479425 0.199306 0.460597
-0.261470 0.467280 0.200875 0.460081
-0.268712 0.465644 0.202406 0.459561
-0.171617 0.494910 0.204222 0.459192
-0.151907 0.496774 0.206049 0.458870
-0.487509 0.492415 0.206651 0.458314
-0.203435 0.483682 0.208113 0.457955
-0.228898 0.488857 0.209512 0.457553
-0.258363 0.499426 0.211013 0.457031
-0.206798 0.495592 0.212937 0.456539
-0.253177 0.476051 0.214249 0.456125
-0.199534 0.485160 0.216148 0.455671
-0.244042 0.482594 0.217396 0.455286
-0.238540 0.475187 0.219310 0.454727
-0.545157 0.447118 0.220029 0.454028
-0.235092 0.476889 0.222006 0.453451
-0.274030 0.465026 0.223143 0.453061
-0.262294 0.457703 0.224289 0.452696
-0.295836 0.480844 0.225368 0.452265
-0.525660 0.472305 0.225844 0.451793
-0.325565 0.439128 0.227053 0.451293
-0.514671 0.469615 0.227408 0.450941
-0.623336 0.364468 0.228239 0.450142
-0.266814 0.479093 0.229439 0.449732
-0.494357 0.439202 0.230289 0.449062
-0.567177 0.418724 0.230779 0.448576
-0.533898 0.461051 0.231110 0.448253
-0.274381 0.471440 0.232382 0.447801
-0.428492 0.483165 0.233291 0.447158
-0.495068 0.494890 0.233621 0.446841
-0.526652 0.452723 0.234058 0.446417
-0.251857 0.498713 0.235326 0.445985
-0.486801 0.510331 0.235647 0.445668
-0.487524 0.508985 0.235865 0.445453
-0.490550 0.508197 0.236210 0.445110
-0.423111 0.481338 0.236793 0.444701
-0.267259 0.511669 0.237998 0.444248
-0.230670 0.540734 0.239149 0.443857
-0.498477 0.498102 0.239611 0.443402
-0.230062 0.528041 0.240752 0.443031
-0.143330 0.540426 0.242248 0.442756
-0.496456 0.492157 0.242511 0.442505
-0.171128 0.522406 0.243987 0.442190
-0.353246 0.513579 0.245022 0.441593
-0.282687 0.539538 0.246076 0.441127
-0.221744 0.524740 0.247577 0.440671
-0.293600 0.534380 0.248675 0.440170
-0.096263 0.535777 0.250429 0.439975
-0.344580 0.497379 0.251497 0.439416
-0.428098 0.472035 0.252440 0.438775
-0.131644 0.551761 0.254130 0.438483
-0.410394 0.486780 0.255170 0.437792
-0.440403 0.494932 0.256093 0.437071
-0.116767 0.514047 0.257871 0.436829
-0.272797 0.518892 0.258837 0.436448
-0.272597 0.518087 0.259789 0.436066
-0.161537 0.502022 0.261640 0.435697
-0.112608 0.528628 0.263102 0.435489
-0.136184 0.528308 0.264948 0.435174
-0.318711 0.497424 0.265730 0.434805
-0.109590 0.522862 0.267236 0.434609
-0.452489 0.519909 0.267528 0.434322
-0.467286 0.529515 0.267771 0.434083
-0.429874 0.523270 0.268305 0.433645
-0.212427 0.509095 0.270185 0.433127
-0.238851 0.492456 0.272089 0.432543
-0.500363 0.493215 0.272740 0.431908
-0.520793 0.472161 0.273177 0.431472
-0.397712 0.492116 0.274032 0.430915
-0.313656 0.500973 0.274970 0.430485
-0.368324 0.504030 0.275786 0.430003
-0.419003 0.502904 0.276524 0.429467
-0.515059 0.482471 0.276757 0.429235
-0.159227 0.508147 0.278487 0.428896
-0.411579 0.492392 0.279293 0.428346
-0.329384 0.519518 0.280163 0.427884
-0.172232 0.515237 0.281873 0.427503
-0.350884 0.505690 0.282689 0.427044
-0.218848 0.490577 0.284569 0.426534
-0.486378 0.501548 0.285025 0.426079
-0.181962 0.513369 0.286793 0.425673
-0.188541 0.512162 0.288513 0.425253
-0.490280 0.507548 0.288950 0.424820
-0.373031 0.494372 0.289854 0.424294
-0.212848 0.514915 0.291607 0.423796
-0.192242 0.511408 0.293380 0.423361
-0.501208 0.492700 0.293929 0.422816
-0.240548 0.507610 0.295649 0.422253
-0.375043 0.528465 0.296460 0.421718
-0.482540 0.514244 0.297101 0.421085
-0.487716 0.508593 0.297582 0.420612
-0.486934 0.512836 0.297864 0.420331
-0.490917 0.503190 0.298306 0.419889
-0.482134 0.517675 0.298636 0.419560
-0.189197 0.529023 0.300293 0.419143
-0.184413 0.546063 0.301551 0.418822
-0.448969 0.550241 0.302149 0.418228
-0.136689 0.549039 0.303790 0.417929
-0.486479 0.506761 0.304378 0.417350
-0.448377 0.539641 0.304908 0.416828
-0.458995 0.540575 0.305214 0.416524
-0.167954 0.540129 0.306739 0.416188
-0.206691 0.533364 0.308128 0.415796
-0.193346 0.557698 0.309353 0.415457
-0.248011 0.536945 0.310601 0.415003
-0.270526 0.529193 0.311830 0.414507
-0.453261 0.532333 0.312403 0.413950
-0.225449 0.553942 0.313642 0.413525
-0.181139 0.553689 0.314876 0.413212
-0.224623 0.556109 0.316095 0.412794
-0.169382 0.546055 0.317343 0.412508
-0.110218 0.554862 0.318636 0.412326
-0.433909 0.554190 0.319068 0.411898
-0.188026 0.556654 0.320336 0.411552
-0.189333 0.558667 0.321851 0.411139
-0.263174 0.539343 0.323226 0.410589
-0.144028 0.562449 0.325004 0.410236
-0.139770 0.582554 0.326384 0.409953
-0.231071 0.548801 0.327783 0.409472
-0.098720 0.582293 0.329060 0.409301
-0.128267 0.579852 0.330814 0.408988
-0.414781 0.579789 0.331212 0.408591
-0.161564 0.582129 0.332810 0.408209
-0.156013 0.578676 0.334258 0.407880
-0.113811 0.586377 0.336012 0.407603
-0.161046 0.578385 0.337644 0.407223
-0.076430 0.583486 0.338897 0.407096
-0.135466 0.588642 0.340573 0.406767
-0.426873 0.571820 0.340898 0.406444
-0.388740 0.587808 0.341098 0.406249
-0.168233 0.561611 0.341783 0.406086
-0.150498 0.600143 0.342375 0.405946
-0.443779 0.553868 0.342735 0.405592
-0.426246 0.571191 0.343055 0.405275
-0.288441 0.554675 0.343585 0.405021
-0.417986 0.572962 0.343866 0.404752
-0.437798 0.558209 0.344221 0.404403
-0.423927 0.560189 0.344561 0.404069
-0.405961 0.590353 0.344862 0.403774
-0.302753 0.603431 0.345358 0.403468
-0.374890 0.601112 0.345771 0.403103
-0.132746 0.593491 0.347228 0.402818
-0.132464 0.596138 0.348496 0.402563
-0.373397 0.597085 0.348637 0.402425
-0.114770 0.593048 0.350206 0.402168
-0.193288 0.586962 0.351143 0.401881
-0.124780 0.608692 0.352591 0.401607
-0.098214 0.599955 0.354043 0.401403
-0.181832 0.565615 0.355510 0.401007
-0.189514 0.587385 0.356802 0.400615
-0.303653 0.584214 0.357808 0.400029
-0.280353 0.584947 0.358882 0.399482
-0.133813 0.606563 0.360276 0.399200
-0.205671 0.603484 0.361043 0.398931
-0.123414 0.595156 0.362399 0.398683
-0.110283 0.621916 0.363657 0.398470
-0.119886 0.609586 0.365153 0.398198
-0.413143 0.584337 0.365488 0.397868
-0.079314 0.608261 0.367125 0.397688
-0.391877 0.594240 0.367582 0.397261
-0.160539 0.598205 0.368728 0.396975
-0.153473 0.604704 0.369831 0.396703
-0.322981 0.607577 0.370355 0.396327
-0.096328 0.595905 0.371988 0.396107
-0.361178 0.608356 0.372396 0.395758
-0.257980 0.599798 0.373265 0.395345
-0.502009 0.491327 0.373673 0.394947
-0.355381 0.591394 0.374261 0.394494
-0.438513 0.559045 0.374489 0.394268
-0.412902 0.575216 0.375126 0.393667
-0.286207 0.575109 0.375922 0.393263
-0.323597 0.603826 0.376578 0.392810
-0.377094 0.605677 0.377132 0.392303
-0.082141 0.624740 0.378395 0.392149
-0.406885 0.584152 0.378944 0.391623
-0.410835 0.583120 0.379464 0.391118
-0.422436 0.567592 0.380042 0.390566
-0.312644 0.597373 0.380527 0.390257
-0.398594 0.593532 0.381033 0.389771
-0.109316 0.613065 0.382563 0.389521
-0.144483 0.613276 0.384098 0.389175
-0.367531 0.580426 0.384622 0.388766
-0.261600 0.620753 0.385011 0.388561
-0.129459 0.610322 0.386575 0.388245
-0.322910 0.601703 0.387100 0.387886
-0.328922 0.581075 0.387654 0.387528
-0.132095 0.593873 0.389286 0.387213
-0.091384 0.619961 0.390884 0.386998
-0.156551 0.597862 0.392268 0.386664
-0.117267 0.621985 0.393677 0.386405
-0.125219 0.619210 0.395105 0.386124
-0.402198 0.540659 0.395562 0.385769
-0.347561 0.579268 0.395956 0.385492
-0.355551 0.625360 0.396504 0.384996
-0.337983 0.614514 0.396708 0.384837
-0.369424 0.608521 0.396976 0.384599
-0.355779 0.598533 0.397243 0.384386
-0.191433 0.598134 0.398355 0.384039
-0.066378 0.608238 0.399915 0.383892
-0.063346 0.630491 0.401367 0.383753
-0.133370 0.624905 0.402645 0.383482
-0.382192 0.608904 0.403140 0.383009
-0.193125 0.624709 0.404248 0.382626
-0.059523 0.641324 0.405574 0.382509
-0.032348 0.641188 0.406885 0.382449
-0.101789 0.639198 0.408192 0.382236
-0.093387 0.647321 0.409528 0.382028
-0.141555 0.646780 0.410606 0.381758
-0.058912 0.632018 0.411767 0.381659
-0.056969 0.642712 0.412943 0.381560
-0.071959 0.657428 0.414298 0.381402
-0.073419 0.661967 0.415619 0.381246
-0.020655 0.652916 0.417052 0.381204
-0.011000 0.656199 0.418481 0.381187
-0.043713 0.654775 0.419637 0.381110
-0.381046 0.594565 0.419875 0.380899
-0.010148 0.648686 0.421347 0.380885
-0.093344 0.647551 0.422838 0.380659
-0.105147 0.656706 0.424208 0.380412
-0.088463 0.650930 0.425126 0.380280
-0.085547 0.659213 0.426000 0.380156
-0.084075 0.663845 0.427453 0.379953
-0.322442 0.628383 0.427866 0.379637
-0.131915 0.640527 0.428701 0.379450
-0.342120 0.644293 0.429134 0.379049
-0.143532 0.627909 0.430032 0.378836
-0.104453 0.643426 0.430916 0.378685
-0.361060 0.635876 0.431145 0.378460
-0.333651 0.664255 0.431387 0.378221
-0.387852 0.604987 0.431747 0.377875
-0.315218 0.610557 0.432398 0.377433
0.028792 0.671237 0.433811 0.377494
-0.103745 0.657708 0.434754 0.377327
-0.009195 0.655598 0.436114 0.377311
-0.091102 0.667215 0.437027 0.377161
-0.019011 0.668161 0.438256 0.377131
-0.345409 0.653515 0.438533 0.376856
-0.341609 0.650624 0.438796 0.376596
0.057409 0.672004 0.440471 0.376739
-0.337846 0.652505 0.440690 0.376532
0.045384 0.678873 0.442167 0.376631
-0.324805 0.668285 0.442478 0.376333
0.015230 0.664581 0.444081 0.376371
-0.004342 0.664847 0.445621 0.376363
-0.326140 0.659787 0.445912 0.376076
0.048383 0.667680 0.447481 0.376184
-0.070341 0.665588 0.448627 0.376056
-0.332304 0.652598 0.448759 0.375926
0.031610 0.668349 0.450153 0.375991
0.033873 0.668313 0.451625 0.376060
-0.106241 0.659320 0.452815 0.375840
0.023839 0.678188 0.454170 0.375890
-0.234051 0.649545 0.454947 0.375496
0.027479 0.683979 0.456293 0.375554
-0.042949 0.691956 0.457444 0.375468
-0.306113 0.650349 0.458056 0.374993
-0.025711 0.677097 0.459280 0.374948
-0.288436 0.646444 0.459951 0.374479
0.017772 0.681522 0.461194 0.374514
-0.043758 0.663643 0.462545 0.374420
-0.009021 0.665732 0.463740 0.374405
-0.025906 0.667755 0.464881 0.374359
-0.091865 0.664812 0.466241 0.374145
-0.169914 0.659043 0.466863 0.373940
-0.081083 0.678401 0.468204 0.373749
-0.029084 0.670210 0.469248 0.373701
-0.016541 0.675064 0.470443 0.373666
-0.136434 0.675313 0.471497 0.373381
0.035866 0.692703 0.472853 0.373447
-0.032870 0.674521 0.474038 0.373384
-0.084039 0.682833 0.475388 0.373174
0.021868 0.683303 0.476598 0.373215
-0.001063 0.684996 0.477754 0.373218
-0.208764 0.687433 0.478323 0.372934
-0.352441 0.646475 0.478561 0.372697
-0.239743 0.680524 0.479046 0.372408
-0.191541 0.693501 0.479581 0.372165
-0.315926 0.683704 0.479848 0.371899
-0.011322 0.693700 0.481213 0.371877
-0.307701 0.691604 0.481538 0.371553
-0.238833 0.669201 0.482044 0.371267
-0.246487 0.684586 0.482558 0.370931
-0.101642 0.672757 0.483880 0.370691
-0.116232 0.661324 0.485235 0.370416
-0.032326 0.689352 0.486372 0.370349
-0.049935 0.678777 0.487678 0.370238
-0.114745 0.667427 0.489000 0.369958
-0.083132 0.673836 0.490229 0.369776
-0.204548 0.699809 0.490782 0.369491
-0.213749 0.691165 0.491273 0.369235
-0.262506 0.687853 0.491705 0.368922
-0.335547 0.663910 0.491866 0.368762
-0.100722 0.673849 0.493138 0.368529
-0.287227 0.663529 0.493653 0.368139
-0.095053 0.698611 0.494771 0.367930
-0.083361 0.687442 0.496000 0.367740
-0.031347 0.704283 0.497268 0.367668
-0.297233 0.701851 0.497408 0.367529
-0.075829 0.709057 0.498220 0.367407
-0.158649 0.699554 0.498871 0.367174
-0.309461 0.664020 0.498997 0.367049
-0.051599 0.705728 0.500051 0.366952
-0.307395 0.686172 0.500284 0.366719
-0.072798 0.701171 0.501207 0.366591
-0.063919 0.708917 0.502237 0.366459
-0.047438 0.703876 0.503359 0.366361
-0.008697 0.710999 0.504476 0.366343
-0.068998 0.703832 0.505511 0.366207
-0.055292 0.708674 0.506541 0.366100
-0.142522 0.698686 0.507381 0.365840
-0.038044 0.714220 0.508304 0.365768
-0.053012 0.701475 0.509319 0.365664
-0.068611 0.699679 0.510238 0.365534
-0.042378 0.709995 0.511209 0.365458
-0.080807 0.705312 0.512074 0.365321
-0.009312 0.717880 0.513031 0.365305
-0.301811 0.691951 0.513337 0.365002
0.031428 0.725555 0.514736 0.365075
-0.076622 0.718804 0.515897 0.364893
-0.091136 0.714802 0.516902 0.364707
0.015208 0.721667 0.517791 0.364730
-0.140271 0.709585 0.518709 0.364437
-0.102101 0.715827 0.519783 0.364203
-0.081490 0.712184 0.520808 0.364034
-0.074501 0.721005 0.521804 0.363881
-0.055050 0.724249 0.522824 0.363768
-0.012775 0.730151 0.523489 0.363752
0.026129 0.721280 0.524490 0.363797
0.030069 0.721682 0.525471 0.363852
-0.028330 0.720955 0.526763 0.363789
-0.050754 0.725734 0.527303 0.363738
0.010790 0.715455 0.528255 0.363756
0.052319 0.721024 0.529236 0.363840
-0.048101 0.731941 0.530324 0.363733
-0.022582 0.732502 0.531427 0.363685
0.010664 0.731268 0.532423 0.363704
-0.014815 0.725926 0.533355 0.363678
0.004968 0.735623 0.534239 0.363686
-0.295882 0.687059 0.534395 0.363538
-0.260476 0.675942 0.534720 0.363312
0.055501 0.727752 0.536071 0.363434
0.006356 0.730359 0.537378 0.363451
-0.022377 0.725548 0.538631 0.363398
-0.042072 0.715590 0.539874 0.363300
-0.313439 0.682696 0.540088 0.363091
-0.315043 0.682322 0.540287 0.362895
-0.301275 0.695196 0.540467 0.362719
-0.269526 0.729820 0.540588 0.362599
0.016716 0.730581 0.541652 0.362626
0.060704 0.726665 0.543008 0.362768
0.025229 0.716462 0.544130 0.362816
-0.023935 0.722865 0.545276 0.362765
0.015352 0.742274 0.546359 0.362792
-0.076444 0.721959 0.547389 0.362629
-0.084157 0.733951 0.548288 0.362460
-0.017269 0.733825 0.549361 0.362419
-0.084888 0.731036 0.550158 0.362270
0.067714 0.732850 0.551319 0.362402
-0.119563 0.729991 0.551858 0.362248
-0.116797 0.724934 0.552616 0.362044
-0.039733 0.723640 0.553767 0.361954
0.016026 0.738458 0.555001 0.361995
0.045609 0.746000 0.556225 0.362092
-0.134298 0.732316 0.556949 0.361844
0.007747 0.729284 0.557926 0.361858
-0.127992 0.740601 0.558586 0.361642
0.072795 0.742281 0.559703 0.361782
0.003597 0.738529 0.560908 0.361791
-0.223232 0.729901 0.561253 0.361548
-0.019558 0.749244 0.562351 0.361498
-0.300891 0.696145 0.562613 0.361241
0.029856 0.746034 0.563512 0.361292
-0.101572 0.736754 0.564158 0.361138
-0.277467 0.714441 0.564338 0.360968
-0.257655 0.731750 0.564479 0.360838
-0.025131 0.744670 0.565212 0.360801
-0.244398 0.724090 0.565635 0.360465
0.002060 0.754565 0.566815 0.360465
-0.247086 0.736597 0.567204 0.360122
-0.267738 0.725747 0.567558 0.359784
0.000651 0.745443 0.568826 0.359788
-0.192083 0.738864 0.569166 0.359590
-0.041517 0.740896 0.570254 0.359491
-0.261543 0.728099 0.570594 0.359176
0.020958 0.754998 0.571726 0.359225
0.007265 0.748532 0.572819 0.359242
-0.033005 0.741881 0.574009 0.359163
-0.207961 0.738692 0.574364 0.358929
-0.030624 0.738168 0.575569 0.358856
-0.055571 0.742296 0.576681 0.358724
-0.216875 0.751832 0.577084 0.358411
-0.203097 0.727891 0.577439 0.358199
-0.012862 0.748912 0.578551 0.358171
-0.189826 0.739993 0.578891 0.357976
-0.013008 0.757768 0.579975 0.357947
0.027135 0.746007 0.581233 0.358013
-0.029693 0.751352 0.582034 0.357958
-0.281441 0.702303 0.582297 0.357723
-0.043805 0.757574 0.583278 0.357627
-0.235656 0.722598 0.583496 0.357466
-0.161617 0.744535 0.583992 0.357237
-0.000860 0.756150 0.585070 0.357237
-0.035126 0.747675 0.586081 0.357163
-0.268902 0.730549 0.586212 0.357033
-0.029090 0.759128 0.587164 0.356973
-0.016595 0.753998 0.588150 0.356940
-0.016114 0.765726 0.589097 0.356909
-0.041963 0.775009 0.589938 0.356823
0.008347 0.768461 0.590895 0.356847
-0.044423 0.759544 0.591808 0.356750
-0.230868 0.758375 0.592065 0.356515
0.016659 0.769200 0.592974 0.356547
0.020678 0.771151 0.593834 0.356585
-0.001191 0.777632 0.594635 0.356584
-0.019049 0.766014 0.595446 0.356551
-0.016159 0.768061 0.596253 0.356529
0.002731 0.764759 0.597283 0.356535
-0.007854 0.763104 0.598113 0.356523
-0.230825 0.745052 0.598230 0.356427
-0.001529 0.764898 0.599211 0.356424
-0.011050 0.763268 0.600192 0.356407
0.015303 0.754859 0.601072 0.356435
0.007989 0.771796 0.601795 0.356453
-0.207868 0.761691 0.602004 0.356292
-0.040183 0.765905 0.603058 0.356194
0.011511 0.763585 0.604181 0.356227
0.040611 0.758401 0.605089 0.356299
0.095559 0.766043 0.606318 0.356509
-0.148512 0.751614 0.606658 0.356364
-0.320784 0.678497 0.606940 0.356083
0.096346 0.773347 0.608096 0.356288
0.021035 0.770722 0.608781 0.356319
-0.079177 0.767160 0.609393 0.356194
-0.230818 0.758328 0.609514 0.356084
0.050678 0.774832 0.610714 0.356207
0.067418 0.765019 0.611822 0.356348
0.049751 0.767700 0.612866 0.356451
0.072463 0.775232 0.614134 0.356629
0.026303 0.768736 0.615086 0.356687
0.021218 0.771315 0.616009 0.356729
-0.218693 0.780654 0.616169 0.356570
0.053820 0.778910 0.617369 0.356697
0.033527 0.776321 0.618530 0.356779
-0.225646 0.772133 0.618656 0.356656
-0.023103 0.767000 0.619424 0.356612
-0.217195 0.768326 0.619657 0.356406
-0.239647 0.759298 0.619871 0.356194
-0.256354 0.742193 0.619973 0.356094
0.031157 0.779292 0.621061 0.356167
0.053062 0.786308 0.621897 0.356260
-0.224747 0.772720 0.622076 0.356084
0.046981 0.779562 0.623150 0.356189
-0.020360 0.779976 0.623937 0.356152
0.102031 0.786310 0.624942 0.356347
0.051552 0.785458 0.625967 0.356458
