0.310775
0.323721
0.321556
0.393673
0.319234
0.316226
0.425906
0.371407
0.481776
0.348916
0.319503
0.333333
0.418642
0.322064
0.377595
0.334161
0.388401
0.485164
0.412701
0.487598
0.334692
0.354945
0.338623
0.342211
0.451981
0.343241
0.486608
0.408800
0.347443
0.430244
0.356505
0.353658
0.350629
0.397331
0.395884
0.368375
0.430420
0.354460
0.360049
0.490460
0.493685
0.492824
0.352019
0.440212
0.392007
0.393940
0.367474
0.361507
0.437120
0.494341
0.365521
0.375724
0.384283
0.414019
0.395683
0.402724
0.500345
0.375578
0.425798
0.416769
0.408814
0.454175
0.472351
0.458826
0.375390
0.397436
0.468433
0.391719
0.385245
0.381396
0.451937
0.504051
0.472758
0.509887
0.510964
0.394310
0.506192
0.392365
0.415697
0.413021
0.487085
0.407493
0.395028
0.507445
0.505718
0.394367
0.390523
0.494534
0.418736
0.514190
0.414283
0.424309
0.515580
0.480677
0.515836
0.404122
0.423599
0.499789
0.485610
0.514851
0.423593
0.423283
0.499110
0.447858
0.421302
0.427532
0.417616
0.442876
0.487125
0.418907
0.508180
0.445356
0.478336
0.513774
0.481718
0.414834
0.485326
0.459505
0.426274
0.441417
0.527243
0.494653
0.430420
0.522214
0.504622
0.441771
0.530844
0.493637
0.500589
0.423550
0.503996
0.503863
0.500914
0.524989
0.491433
0.522994
0.527307
0.535811
0.423141
0.532642
0.434496
0.516522
0.535169
0.442360
0.532237
0.494468
0.421876
0.504465
0.446155
0.433418
0.432634
0.445939
0.449822
0.502509
0.445757
0.439508
0.513233
0.452537
0.536347
0.440666
0.513069
0.534199
0.463074
0.470074
0.523200
0.464386
0.449093
0.526687
0.468119
0.458717
0.472368
0.475930
0.480813
0.461096
0.450496
0.523490
0.454199
0.517805
0.519311
0.450983
0.470758
0.533782
0.535084
0.480467
0.545157
0.516414
0.496703
0.476098
0.500510
0.514109
0.551840
0.503899
0.478500
0.552737
0.461720
0.530697
0.470637
0.468311
0.470400
0.483410
0.475448
0.472068
0.470039
0.535719
0.496066
0.511274
0.548785
0.559714
0.534803
0.478462
0.552565
0.475032
0.486935
0.498697
0.538852
0.533942
0.539029
0.518690
0.485774
0.500371
0.494773
0.543670
0.549625
0.485361
0.554538
0.503493
0.484279
0.555695
0.554887
0.497981
0.499066
0.497756
0.555833
0.497319
0.518523
0.511274
0.484710
0.493324
0.559746
0.556529
0.519939
0.493648
0.559310
0.511321
0.543806
0.506114
0.505190
0.558829
0.495711
0.565926
0.498171
0.490497
0.566789
0.553852
0.507876
0.552433
0.505055
0.557329
0.568657
0.558523
0.504592
0.506523
0.558105
0.572900
0.551570
0.530044
0.567423
0.575064
0.540185
0.572575
0.515348
0.513499
0.568452
0.567289
0.569571
0.525203
0.494732
0.509438
0.519717
0.499353
0.522102
0.566841
0.567702
0.514623
0.516301
0.517893
0.574577
0.574057
0.532300
0.528032
0.527755
0.555174
0.516529
0.515155
0.523720
0.582002
0.520366
0.514929
0.574774
0.520053
0.555311
0.576081
0.574365
0.581696
0.522372
0.550025
0.531624
0.574636
0.523441
0.571435
0.534072
0.581519
0.560492
0.529757
0.577959
0.578828
0.535720
0.536380
0.589571
0.524147
0.538286
0.548962
0.532016
0.588430
0.581061
0.566144
0.590880
0.536609
0.584145
0.537353
0.552866
0.581346
0.544554
0.584945
0.539982
0.592959
0.583339
0.533802
0.548394
0.579751
0.591828
0.563481
0.536186
0.543662
0.592336
0.552202
0.575288
0.539826
0.594364
0.589876
0.594088
0.551932
0.545018
0.548189
0.544042
0.553255
0.589244
0.593182
0.575179
0.598860
0.551536
0.598693
0.581104
0.547154
0.546237
0.548890
0.594831
0.592776
0.590554
0.589545
0.540504
0.554203
0.558454
0.571105
0.573500
0.596308
0.550101
0.546504
0.557166
0.593769
0.564781
0.546414
0.595143
0.593946
0.562766
0.596457
0.595269
0.581415
0.554992
0.601855
0.563152
0.583060
0.567875
0.569293
0.580540
0.571624
0.596086
0.570609
0.601269
0.597263
0.583251
0.598071
0.598555
0.558944
0.559932
0.605558
0.576484
0.604752
0.601481
0.595850
0.589806
0.603368
0.566816
0.603805
0.563939
0.609299
0.600087
0.602990
0.607843
0.572512
0.606503
0.569731
0.573296
0.569076
0.574778
0.574617
0.571433
0.568147
0.592599
0.576629
0.590610
0.597579
0.575512
0.579470
0.611439
0.591057
0.570799
0.563537
0.583721
0.611437
0.578659
0.611867
0.581810
0.604329
0.603956
0.613071
0.583026
0.610446
0.564767
0.615685
0.579787
0.579181
0.579614
0.599933
0.571807
0.599007
0.578594
0.600902
0.603872
0.601191
0.610990
0.608099
0.589215
0.616561
0.583639
0.613865
0.619099
0.610724
0.582255
0.588627
0.579453
0.582416
0.605433
0.610935
0.608321
0.610108
0.615573
0.618028
0.620373
0.596360
0.618735
0.612269
0.599260
0.619191
0.599114
0.586243
0.610984
0.607760
0.592598
0.614770
0.613867
0.618807
0.597949
0.617096
0.594933
0.587653
0.602184
0.614876
0.617347
0.616745
0.619577
0.592752
0.614812
0.594621
0.621479
0.621236
0.592974
0.611117
0.586972
0.595034
0.594602
0.596528
