0.3058
0.3106
0.3122
0.3286
0.3072
0.4406
0.3079
0.3513
0.3159
0.3096
0.3094
0.3057
0.3125
0.3203
0.3300
0.3172
0.3565
0.3326
0.3073
0.3180
0.4290
0.4353
0.3139
0.3115
0.3894
0.3122
0.4307
0.3255
0.3133
0.3147
0.3092
0.3537
0.4284
0.3346
0.3147
0.3121
0.3309
0.3272
0.3158
0.3177
0.3296
0.3212
0.3171
0.3177
0.3317
0.4089
0.3447
0.3182
0.3566
0.3188
0.3199
0.4046
0.3370
0.3537
0.3273
0.3216
0.3168
0.3279
0.3896
0.4468
0.4102
0.4208
0.3196
0.3079
0.3201
0.3499
0.3255
0.3538
0.3404
0.4466
0.3328
0.3269
0.3250
0.3271
0.3275
0.3646
0.3249
0.3650
0.3270
0.3229
0.3192
0.3253
0.3260
0.3426
0.3629
0.4292
0.3245
0.3601
0.3580
0.3520
0.3602
0.4211
0.3290
0.3277
0.3292
0.3630
0.3508
0.3222
0.3255
0.3241
0.3276
0.3288
0.3267
0.3526
0.3579
0.3309
0.3310
0.4243
0.3270
0.3339
0.3305
0.3728
0.4276
0.3617
0.3299
0.3349
0.3339
0.3307
0.3939
0.3348
0.3356
0.3314
0.4463
0.3071
0.3357
0.3368
0.3369
0.3537
0.4471
0.3611
0.3664
0.4202
0.3419
0.3396
0.3517
0.3160
0.3387
0.3379
0.3536
0.3382
0.3480
0.3350
0.3425
0.3267
0.3417
0.3653
0.3253
0.4506
0.4399
0.3448
0.4188
0.3296
0.3385
0.3440
0.3431
0.3723
0.3391
0.3409
0.3375
0.3323
0.3403
0.3163
0.3478
0.3704
0.4234
0.3734
0.3401
0.3355
0.3387
0.3448
0.3516
0.3169
0.3404
0.3401
0.3457
0.4460
0.3423
0.3624
0.3444
0.3442
0.3556
0.3919
0.3494
0.3483
0.3497
0.4133
0.3547
0.3459
0.3193
0.3423
0.3726
0.3510
0.3378
0.3474
0.4185
0.3533
0.3493
0.3701
0.3489
0.3636
0.3450
0.3537
0.3635
0.3588
0.4120
0.3649
0.4314
0.3691
0.3530
0.3242
0.3824
0.3479
0.3544
0.3700
0.3579
0.3509
0.3496
0.3574
0.3690
0.3552
0.3582
0.3440
0.3480
0.3747
0.3507
0.3536
0.3564
0.3719
0.3726
0.3780
0.3707
0.3609
0.3599
0.3536
0.3647
0.3672
0.3729
0.3579
0.3717
0.3623
0.3494
0.3577
0.3751
0.3558
0.3788
0.4181
0.3604
0.3563
0.3600
0.3703
0.3614
0.3575
0.3509
0.3706
0.3631
0.3599
0.3621
0.4439
0.4354
0.3629
0.3578
0.3615
0.3669
0.4192
0.3652
0.3627
0.3737
0.3835
0.3663
0.3663
0.3717
0.3697
0.3697
0.3843
0.3659
0.3747
0.3479
0.3795
0.3735
0.3678
0.3694
0.3581
0.3847
0.3648
0.3643
0.3881
0.3718
0.3747
0.3893
0.3560
0.3871
0.3752
0.3669
0.3866
0.3687
0.3688
0.4356
0.3669
0.3731
0.3771
0.4542
0.3809
0.3705
0.3569
0.4209
0.3693
0.3718
0.3690
0.3837
0.4184
0.4057
0.3785
0.4099
0.3914
0.3904
0.3697
0.3755
0.3733
0.3796
0.3747
0.3821
0.3634
0.3744
0.3642
0.3929
0.4256
0.3707
0.3788
0.3847
0.3729
0.3814
0.3869
0.3733
0.3771
0.4034
0.3818
0.3924
0.3736
0.3993
0.3768
0.3831
0.3749
0.3724
0.3929
0.3868
0.4082
0.3819
0.3650
0.3907
0.3771
0.3965
0.3766
0.3866
0.3755
0.3995
0.3961
0.3918
0.3884
0.3669
0.3902
0.3813
0.3857
0.3955
0.3842
0.3979
0.3927
0.3779
0.3810
0.3939
0.3784
0.3750
0.3773
0.3803
0.4321
0.3970
0.3895
0.3879
0.3886
0.4549
0.3717
0.4489
0.3709
0.3847
0.3891
0.3836
0.4009
0.4015
0.3827
0.3840
0.3932
0.3864
0.3795
0.4029
0.3996
0.3873
0.3838
0.3929
0.3789
0.4064
0.4569
0.3859
0.4063
0.3870
0.3973
0.4192
0.3957
0.4080
0.3839
0.3943
0.3900
0.4008
0.4277
0.3924
0.3855
0.3833
0.3921
0.4046
0.3939
0.3908
0.4009
0.3871
0.3865
0.3887
0.4082
0.3924
0.4049
0.3903
0.4016
0.3877
0.4186
0.3666
0.3878
0.4595
0.3827
0.3884
0.4007
0.3849
0.3808
0.3848
0.4172
0.3945
0.4597
0.4062
0.3959
0.4360
0.3949
0.3943
0.3911
0.4059
0.4015
0.3987
0.3942
0.4046
0.3913
0.4117
0.3924
0.3966
0.3970
0.4507
0.4037
0.4127
0.4444
0.4234
0.3920
0.4180
0.3891
0.4056
0.3975
0.3949
0.4174
0.3953
0.4142
0.3944
0.3895
0.4083
0.3945
0.4080
0.4177
0.4100
0.4641
0.3949
0.3916
0.4044
0.3959
0.3931
0.4671
0.4144
0.4190
0.3875
0.4046
0.3993
0.3980
0.4032
0.4121
0.4657
0.4040
0.4018
0.4136
0.4031
0.3986
0.4545
0.4663
0.3985
0.4065
0.4179
0.4037
0.4111
0.4011
0.4445
0.4258
0.4153
0.4672
0.4165
0.4086
0.4507
0.4190
0.4142
0.4130
0.4004
0.4659
0.4223
0.4340
0.4098
0.4420
0.4219
0.4003
0.4003
0.4142
0.4677
0.4154
0.4250
0.4163
0.4019
0.4027
0.4071
0.4086
0.4052
0.4050
0.4166
0.4192
0.4033
0.4330
0.4061
0.4043
0.4060
0.4297
0.4159
0.4042
0.4188
0.4195
0.4233
0.4139
0.4493
0.4126
0.4718
0.4125
0.4082
0.4163
0.4300
0.4053
0.4314
0.4071
0.4139
0.4129
0.4110
0.4227
0.4095
0.4116
0.4097
0.4060
0.4151
0.4258
0.4218
0.4216
0.4154
0.4449
0.4217
0.4100
0.4285
0.4128
0.4218
0.4058
0.4121
0.4545
0.4062
0.4304
0.4169
0.4052
0.4222
0.4266
0.4072
0.4146
0.4294
0.4132
0.4169
0.4148
0.4174
0.4275
0.4218
0.4240
0.4282
0.4162
0.4291
0.4203
0.4262
0.4322
0.4225
0.4699
0.4376
0.4374
0.4279
0.4406
0.4245
0.4267
0.4441
0.4270
0.4375
0.4327
0.4067
0.4256
0.4281
0.4376
0.4244
0.4218
0.4233
0.4188
0.4609
0.4225
0.4419
0.4312
0.4218
0.4344
0.4037
0.4807
0.4264
0.4172
0.4357
0.4333
0.4247
0.4268
0.4167
0.4339
0.4392
0.4204
0.4350
0.4543
0.4163
0.4784
0.4299
0.4243
0.4775
0.4800
0.4343
0.4317
0.4376
0.4256
0.4406
0.4217
0.4252
0.4236
0.4308
0.4264
0.4299
0.4195
0.4295
0.4332
0.4379
0.4387
0.4434
0.4300
0.4379
0.4786
0.4253
0.4267
0.4453
0.4311
0.4306
0.4293
0.4185
0.4309
0.4271
0.4307
0.4341
0.4287
0.4742
0.4436
0.4316
0.4329
0.4307
0.4318
0.4407
0.4674
0.4376
0.4331
0.4385
0.4285
0.4673
0.4338
0.4232
0.4329
0.4324
0.4281
0.4309
0.4430
0.4455
0.4388
0.4312
0.4359
0.4381
0.4390
0.4382
0.4360
0.4463
0.4302
0.4833
0.4478
0.4481
0.4336
0.4355
0.4308
0.4381
0.4448
0.4390
0.4407
0.4308
0.4367
0.4400
0.4432
0.4640
0.4270
0.4641
0.4313
0.4408
0.4449
0.4559
0.4451
0.4446
0.4366
0.4382
0.4385
0.4462
0.4379
0.4434
0.4461
0.4359
0.4396
0.4367
0.4496
0.4799
0.4355
0.4468
0.4792
0.4478
0.4442
0.4431
0.4385
0.4486
0.4379
0.4551
0.4361
0.4499
0.4385
0.4432
0.4368
0.4416
0.4436
0.4503
0.4367
0.4507
0.4527
0.4422
0.4436
0.4393
0.4430
0.4453
0.4412
0.4429
0.4434
0.4489
0.4464
0.4483
0.4449
0.4476
0.4872
0.4840
0.4392
0.4479
0.4487
0.4093
0.4506
0.4419
0.4480
0.4377
0.4467
0.4477
0.4415
0.4497
0.4446
0.4428
0.4517
0.4471
0.4538
0.4542
0.4464
0.4536
0.4467
0.4827
0.4334
0.4461
0.4426
0.4483
0.4693
0.4450
0.4493
0.4444
0.4545
0.4561
0.4539
0.4937
0.4557
0.4506
0.4499
0.4520
0.4736
0.4476
0.4561
0.4650
0.4599
0.4518
0.4521
0.4564
0.4454
0.4454
0.4484
0.4523
0.4610
0.4496
0.4437
0.4509
0.4584
0.4633
0.4468
0.4531
0.4602
0.4551
0.4524
0.4601
0.4595
0.4573
0.4591
0.4575
0.4535
0.4586
0.4415
0.4866
0.4566
0.4610
0.4544
0.4588
0.4572
0.4920
0.4557
0.4553
0.4511
0.4963
0.4583
0.4497
0.4981
0.4609
0.4977
0.4569
0.4564
0.4516
0.4520
0.4593
0.4574
0.4565
0.4616
0.4558
0.4459
0.4615
0.4571
0.4632
0.4637
0.4491
0.4510
0.4431
0.4591
0.4599
0.4834
0.4512
0.4602
0.4573
0.4569
0.4609
0.4614
0.4685
0.4540
0.4566
0.4966
0.4602
0.4604
0.4360
0.4609
0.4572
0.4571
0.4551
0.4607
0.5015
0.4633
0.4547
0.4679
0.4611
0.4387
0.4604
0.4661
0.4586
0.4965
0.4591
0.4635
0.4614
0.4673
0.4615
0.4642
0.4506
0.4577
0.4644
0.4669
0.4623
0.4664
0.4620
0.4673
0.4581
0.4591
0.4708
0.4439
0.4649
0.4612
0.4668
0.4656
0.4663
0.4715
0.4653
0.4604
0.4671
0.4670
0.4617
0.4623
0.4679
0.4674
0.4761
0.4639
0.4639
0.4579
0.4698
0.4708
0.4726
0.4665
0.4679
0.4540
0.4722
0.4703
0.4677
0.4586
0.4728
0.4642
0.4636
0.4682
0.4613
0.4681
0.4678
0.4714
0.4718
0.5010
0.4512
0.4679
0.4566
0.4682
0.4876
0.5065
0.4681
0.4683
0.4744
0.5073
0.4704
0.4909
0.4603
0.4739
0.4650
0.4657
0.4913
0.4683
0.4683
0.4819
0.4686
0.4732
0.4718
0.4707
0.4623
0.4668
0.4665
0.4728
0.4687
0.4798
0.4470
0.4778
0.4757
0.4706
0.4758
0.4658
0.4737
0.4734
0.4722
0.4743
0.4730
0.4686
0.4703
0.4715
0.4782
0.4737
0.4733
0.4801
0.4739
0.4682
0.4714
0.4772
0.4748
0.4792
0.4679
0.5104
0.4723
0.5074
0.4804
0.4675
0.4787
0.4764
0.4738
0.4671
0.4687
0.4803
0.4769
0.4802
0.4788
0.4755
0.4776
0.4810
0.4798
0.4779
0.4752
0.4703
0.5093
0.5053
0.4709
0.4813
0.4828
0.4814
0.4699
0.4771
0.4799
0.5146
0.4805
0.4808
0.4724
0.4710
0.4829
0.4789
0.4808
0.5102
0.4782
0.4851
0.5091
0.4880
0.5133
0.4757
0.4803
0.5083
0.4818
0.4753
0.4780
0.4784
0.4805
0.4796
0.4785
0.4812
0.4802
0.4703
0.4756
0.4771
0.4811
0.4819
0.4757
0.4802
0.4831
0.4795
0.4750
0.4832
0.4797
0.4857
0.4697
0.4783
0.4867
0.4797
0.4820
0.4778
0.4858
0.4803
0.4800
0.5060
0.4691
0.4733
0.4857
0.4853
0.4783
0.4935
0.4851
0.4845
0.4941
0.4794
0.4802
0.4873
0.4803
0.4646
0.4809
0.4882
0.4732
0.4827
0.4828
0.4842
0.5103
0.4763
0.5147
0.4813
0.4865
0.4741
0.4865
0.4643
0.4854
0.5198
0.4795
0.4889
0.4891
0.4859
0.4851
0.4801
0.4874
0.4748
0.4870
0.4895
0.4879
0.4879
0.4850
0.4887
0.4868
0.4883
0.4894
0.4885
0.4954
0.4844
0.4947
0.4900
0.4859
0.4796
0.4844
0.4707
0.4905
0.4877
0.4716
0.4833
0.4905
0.4873
0.5214
0.4893
0.5124
0.4927
0.4901
0.4862
0.4916
0.4934
0.4924
0.4874
0.4740
0.4840
0.4806
0.4848
0.4926
0.4922
0.4829
0.4921
0.4930
0.5138
0.4936
0.4914
0.4971
0.4862
0.5199
0.5125
0.4901
0.4898
0.4816
0.4987
0.4938
0.4869
0.4879
0.4904
0.4915
0.4816
0.4943
0.4933
0.5230
0.4972
0.4900
0.4940
0.4934
0.4848
0.4871
0.4922
0.4941
0.4947
0.5243
0.4820
0.5059
0.4846
0.4989
0.4948
0.4920
0.4873
0.4931
0.5174
0.4954
0.4964
0.4924
0.4985
0.5254
0.4997
0.5028
0.4919
0.4954
0.4960
0.4923
0.4943
0.4966
0.4977
0.4954
0.4924
0.4975
0.4993
0.4970
0.4953
0.4881
0.4956
0.5228
0.4984
0.4954
0.4968
0.4987
0.4979
0.4992
0.4974
0.4939
0.4956
0.5000
0.5253
0.5034
0.4896
0.4945
0.4960
0.5006
0.4997
0.5004
0.4967
0.4931
0.4957
0.4983
0.5013
0.5025
0.4968
0.4984
0.5055
0.4988
0.5002
0.5000
0.4983
0.4947
0.5111
0.4927
0.5027
0.4847
0.5037
0.5008
0.5074
0.4999
0.4975
0.4990
0.5028
0.5268
0.5031
0.4871
0.5019
0.4996
0.5010
0.4999
0.4998
0.5001
0.4950
0.4953
0.5008
0.4980
0.5047
0.5025
0.5057
0.4998
0.5004
0.5012
0.5095
0.5007
0.4961
0.5052
0.4969
0.5027
0.5174
0.4951
0.5014
0.4904
0.4988
0.5100
0.5016
0.5041
0.5010
0.4957
0.5050
0.5037
0.5077
0.5049
0.5037
0.5040
0.5255
0.5028
0.5017
0.4999
0.5289
0.5115
0.5065
0.5295
0.5078
0.5045
0.5014
0.5070
0.5337
0.5047
0.5110
0.5061
0.4953
0.5005
0.5059
0.5118
0.5083
0.5053
0.5129
0.5079
0.5087
0.4999
0.5058
0.5076
0.5031
0.5076
0.5051
0.5213
0.5112
0.4957
0.5057
0.5066
0.4962
0.5090
0.5091
0.5062
0.5072
0.5068
0.5041
0.4997
0.5096
0.5124
0.5013
0.5065
0.5012
0.5067
0.5133
0.5087
0.5130
0.5115
0.5134
0.5109
0.5105
0.5084
0.5183
0.5072
0.5099
0.5103
0.5050
0.5045
0.5094
0.5102
0.5116
0.4982
0.5101
0.5199
0.5115
0.5092
0.5342
0.5102
0.5041
0.5114
0.5077
0.5083
0.5138
0.5057
0.5381
0.5028
0.5107
0.5167
0.5120
0.5151
0.5112
0.5048
0.5126
0.5130
0.5115
0.5089
0.5114
0.5081
0.5066
0.5116
0.5145
0.5124
0.5120
0.5127
0.5395
0.5133
0.5386
0.5351
0.5134
0.5124
0.5091
0.5179
0.5140
0.5195
0.5335
0.5366
0.4987
0.5134
0.5118
0.5127
0.5138
0.5142
0.5129
0.5144
0.5119
0.5091
0.5191
0.5135
0.5182
0.5050
0.5078
0.5124
0.5134
0.5071
0.5306
0.5135
0.5156
0.5189
0.5180
0.5284
0.5132
0.5149
0.5105
0.5166
0.5139
0.5153
0.5080
0.5178
0.5185
0.5140
0.5114
0.5193
0.5136
0.5144
0.5148
0.5192
0.5198
0.5189
0.5190
0.5174
0.5155
0.5281
0.5190
0.5186
0.5201
0.5202
0.5141
0.5007
0.5194
0.5177
0.5343
0.5188
0.5050
0.5206
0.5169
0.5189
0.5183
0.5148
0.5139
0.5311
0.5200
0.5160
0.5161
0.5199
0.5194
0.5062
0.5190
0.5209
0.5160
0.5202
0.5317
0.5184
0.5196
0.5201
0.5095
0.5224
0.5131
0.5237
0.5222
0.5374
0.5214
0.5212
0.5183
0.5175
0.5218
0.5209
0.5234
0.5140
0.5213
0.5387
0.5258
0.5229
0.5129
0.5186
0.5218
0.5190
0.5181
0.5221
0.5347
0.5183
0.5184
0.5231
0.5223
0.5169
0.5429
0.5248
0.5178
0.5224
0.5426
0.5225
0.5221
0.5254
0.5279
0.5459
0.5279
0.5237
0.5247
0.5173
0.5275
0.5201
0.5227
0.5270
0.5219
0.5185
0.5211
0.5053
0.5229
0.5245
0.5272
0.5202
0.5137
0.5198
0.5455
0.5215
0.5298
0.5224
0.5344
0.5179
0.5488
0.5258
0.5103
0.5455
0.5231
0.5359
0.5251
0.5238
0.5278
0.5180
0.5412
0.5285
0.5239
0.5455
0.5485
0.5295
0.5286
0.5219
0.5207
0.5270
0.5221
0.5219
0.5317
0.5229
0.5277
0.5269
0.5278
0.5382
0.5295
0.5256
0.5244
0.5241
0.5468
0.5248
0.5265
0.5258
0.5250
0.5381
0.5223
0.5241
0.5283
0.5294
0.5269
0.5304
0.5342
0.5055
0.5287
0.5415
0.5261
0.5299
0.5287
0.5281
0.5305
0.5279
0.5277
0.5285
0.5278
0.5245
0.5281
0.5254
0.5280
0.5294
0.5310
0.5302
0.5324
0.5312
0.5410
0.5261
0.5287
0.5336
0.5459
0.5294
0.5420
0.5287
0.5298
0.5316
0.5280
0.5348
0.5286
0.5352
0.5311
0.5273
0.5261
0.5257
0.5442
0.5334
0.5509
0.5359
0.5296
0.5304
0.5289
0.5190
0.5318
0.5304
0.5333
0.5313
0.5291
0.5288
0.5311
0.5339
0.5315
0.5383
0.5346
0.5313
0.5342
0.5336
0.5307
0.5339
0.5359
0.5312
0.5534
0.5341
0.5328
0.5372
0.5322
0.5339
0.5387
0.5362
0.5292
0.5317
0.5193
0.5152
0.5325
0.5543
0.5332
0.5401
0.5299
0.5488
0.5344
0.5348
0.5303
0.5327
0.5376
0.5338
0.5319
0.5327
0.5333
0.5310
0.5345
0.5359
0.5327
0.5324
0.5336
0.5333
0.5307
0.5291
0.5329
0.5356
0.5358
0.5338
0.5361
0.5340
0.5516
0.5378
0.5361
0.5368
0.5366
0.5342
0.5458
0.5389
0.5313
0.5295
0.5374
0.5341
0.5335
0.5333
0.5269
0.5414
0.5376
0.5365
0.5383
0.5366
0.5394
0.5388
0.5378
0.5388
0.5359
0.5342
0.5374
0.5324
0.5379
0.5405
0.5374
0.5341
0.5370
0.5337
0.5455
0.5387
0.5346
0.5392
0.5385
0.5268
0.5378
0.5341
0.5440
0.5390
0.5412
0.5413
0.5330
0.5395
0.5400
0.5408
0.5404
0.5354
0.5341
0.5388
0.5366
0.5346
0.5418
0.5424
0.5337
0.5398
0.5402
0.5589
0.5464
0.5409
0.5479
0.5349
0.5384
0.5340
0.5408
0.5405
0.5403
0.5378
0.5398
0.5408
0.5367
0.5432
0.5427
0.5406
0.5408
0.5434
0.5375
0.5429
0.5373
0.5623
0.5410
0.5355
0.5378
0.5401
0.5472
0.5403
0.5444
0.5423
0.5416
0.5430
0.5372
0.5406
0.5451
0.5418
0.5440
0.5452
0.5392
0.5445
0.5462
0.5442
0.5452
0.5404
0.5441
0.5573
0.5410
0.5413
0.5327
0.5477
0.5402
0.5325
0.5565
0.5432
0.5419
0.5421
0.5434
0.5422
0.5429
0.5443
0.5429
0.5375
0.5413
0.5433
0.5408
0.5403
0.5451
0.5459
0.5476
0.5454
0.5407
0.5460
0.5473
0.5422
0.5409
0.5401
0.5435
0.5596
0.5445
0.5429
0.5444
0.5446
0.5357
0.5485
0.5451
0.5468
0.5460
0.5463
0.5434
0.5404
0.5452
0.5520
0.5449
0.5488
0.5462
0.5479
0.5456
0.5472
0.5549
0.5485
0.5433
0.5475
0.5476
0.5479
0.5490
0.5479
0.5490
0.5492
0.5489
0.5491
0.5485
0.5478
0.5500
0.5323
0.5473
0.5462
0.5472
0.5427
0.5493
0.5465
0.5501
0.5497
0.5431
0.5467
0.5435
0.5501
0.5668
0.5461
0.5494
0.5476
0.5508
0.5516
0.5644
0.5491
0.5538
0.5477
0.5443
0.5484
0.5495
0.5166
0.5480
0.5473
0.5462
0.5478
0.5454
0.5510
0.5462
0.5492
0.5506
0.5522
0.5518
0.5519
0.5532
0.5514
0.5616
0.5628
0.5442
0.5628
0.5521
0.5596
0.5486
0.5538
0.5682
0.5672
0.5504
0.5690
0.5566
0.5516
0.5556
0.5530
0.5504
0.5523
0.5493
0.5522
0.5486
0.5568
0.5514
0.5521
0.5554
0.5554
0.5521
0.5509
0.5470
0.5522
0.5532
0.5521
0.5512
0.5531
0.5506
0.5678
0.5543
0.5548
0.5503
0.5614
0.5538
0.5517
0.5449
0.5684
0.5465
0.5461
0.5533
0.5513
0.5543
0.5690
0.5532
0.5527
0.5541
0.5506
0.5535
0.5506
0.5504
0.5711
0.5718
0.5547
0.5525
0.5667
0.5485
0.5529
0.5554
0.5472
0.5550
0.5723
0.5532
0.5497
0.5499
0.5549
0.5596
0.5538
0.5532
0.5562
0.5531
0.5512
0.5570
0.5559
0.5597
0.5554
0.5513
0.5589
0.5547
0.5581
0.5545
0.5555
0.5531
0.5541
0.5566
